10001001
01000100
10000100
10010010
00000001
01000000
10000101
10100000
10011001
10000110
01101010
00001010
10100010
00010101
10010000
00000010
00100100
00010110
00010101
00000010
01101010
01000101
01010101
01101010
10000100
00000010
00011010
10001010
01001010
01100101
01000010
10100000
00011010
01100010
01000101
00100000
10010110
00010010
00000001
10001010
10000101
01100101
10001001
00000110
10001001
01100101
01000100
10100000
01000101
10101010
01000100
01001001
01100101
00010100
01000001
00100101
00010010
00010100
01100100
00001010
01101000
00101001
01000110
01100000
10010110
00101001
10100100
10010110
00101001
10010101
10100010
01010000
01100000
10000110
00000000
00101010
01100001
00011001
10000100
10001010
01011000
01000010
01011000
01010110
10000000
10010000
00001001
01010010
00001010
01010110
10100101
10001010
10000001
10001010
01100101
00010110
